00001900
00001694
00000823
00001169
00000445
00001759
00001028
00002486
00000882
00001659
00000443
00000486
00000059
00001568
00000638
00000816
00001324
00000903
00001695
00001301
00001959
00000875
00000571
00000941
00000501
00001282
00000837
00000733
00000952
00000152
00000874
00000643
00002386
00000485
00000475
00002452
00002485
00001724
00000764
00001277
00001631
00001632
00001626
00001627
00001630
00001629
00001628
00001625
00001899
00000653
00001895
00001143
00001118
00001958
00000904
00000619
00001286
00000818